width: 50.490677357310226
height: 50.490677357310226
