width: 45.43414464915126
height: 45.43414464915126
