width: 44.950016685202684
height: 44.950016685202684
