width: 48.97751014496347
height: 48.97751014496347
