width: 56.048684195081684
height: 56.048684195081684
