width: 47.78763961528127
height: 47.78763961528127
